# Event_ID epsilon2 phi2
0 0.204541 0.346812
1 0.244846 -0.627072
2 0.314770 -1.495830
3 0.617701 -0.242184
4 0.766358 0.497281
5 0.297563 -1.253670
6 0.601299 -1.323000
7 0.803535 -0.305998
8 0.890621 0.992530
9 0.301462 0.967493
10 0.186001 -0.455373
11 0.582789 0.626773
12 0.786227 -0.645196
13 0.216139 0.070900
14 0.304250 -0.213349
15 0.532610 -0.326504
16 0.515206 0.303967
17 0.498924 -0.949418
18 0.305365 -0.390420
19 0.451706 -0.009927
20 0.480677 1.519780
21 0.331740 -1.257540
22 0.237699 -0.411598
23 0.397880 1.431390
24 0.315100 1.329930
25 0.251800 -0.173726
26 0.200506 0.738394
29 0.421695 -1.468080
30 0.269881 -0.646802
31 0.222024 -1.503340
32 0.369606 -1.369400
33 0.136570 -0.489144
34 0.390549 0.078185
35 0.335069 -0.098049
36 0.418610 1.049610
37 0.159604 -1.271920
38 0.320405 0.886043
39 0.468660 1.534420
41 0.908600 0.830451
42 0.517378 1.141130
43 0.031409 0.419455
44 0.770172 0.180570
45 0.750484 -1.255160
46 0.585254 0.726189
47 0.418789 1.372810
48 0.517480 -1.007050
49 0.822836 -0.764045
50 0.083297 0.697184
51 0.690368 1.469050
52 0.290636 1.197540
53 0.437497 -1.166790
54 0.367985 0.159815
55 0.315447 0.207660
56 0.077472 0.884303
58 0.488007 1.535450
59 0.783445 0.413579
60 0.232768 -0.162029
61 0.739525 -0.555092
62 0.047243 -0.716148
63 0.170269 0.061271
64 0.493599 0.642834
65 0.512730 0.295821
66 0.317436 0.041217
67 0.419602 -0.787350
68 0.823367 -0.425452
69 0.202102 0.636065
70 0.443514 -1.197090
71 0.538444 0.609600
72 0.296784 -0.059085
73 0.103139 0.119194
74 0.617974 -1.301070
75 0.108695 0.513875
76 0.350452 1.048820
77 0.581559 0.602671
78 0.512148 0.622438
79 0.847355 1.524830
80 0.464015 0.750574
81 0.069665 1.236490
82 0.484167 -1.086810
83 0.400332 -1.255840
84 0.630214 0.126294
85 0.068253 -1.171570
86 0.446424 0.022972
87 0.210586 0.530233
88 0.028852 0.686813
89 0.232321 -0.152651
90 0.651025 1.520290
91 0.441058 -0.527394
92 0.225779 -1.207860
93 0.476080 1.534500
94 0.865898 1.385470
95 0.372879 0.818969
96 0.424697 1.461900
97 0.757124 -0.420359
98 0.407501 0.991517
99 0.614759 -0.258643
100 0.252661 -1.456260
101 0.209105 -0.705162
102 0.370413 -1.338860
103 0.392688 0.108370
104 0.295840 1.163780
106 0.221777 -0.725429
107 0.255145 -1.432800
108 0.489811 1.326530
109 0.671913 0.624305
110 0.329041 -0.055075
111 0.754960 -1.335110
112 0.417072 -0.979724
113 0.615189 1.486560
114 0.448642 0.361288
115 0.272350 1.333030
116 0.359685 0.587863
117 0.371378 0.188448
118 0.651851 1.354870
119 0.325538 -1.042340
121 0.810610 -0.010749
122 0.054471 0.887787
123 0.675716 -0.455173
124 0.387317 0.632010
125 0.222383 0.231979
126 0.072827 0.707266
127 0.498952 0.144631
128 0.282437 -0.607223
129 0.683872 -0.948676
130 0.470680 -0.742746
131 0.640769 -1.219720
132 0.503047 -0.745183
133 0.186699 0.394900
134 0.439932 0.198882
136 0.194967 -1.047520
137 0.698623 0.187960
138 0.155126 0.730889
139 0.426674 1.019380
140 0.362899 0.665760
141 0.077904 1.165900
142 0.727733 -0.699777
143 0.423053 -0.454929
144 0.147891 -0.288379
145 0.014138 0.688477
146 0.494195 -0.842493
147 0.429919 -1.535040
148 0.204393 -0.633236
150 0.681754 -0.828932
151 0.170012 0.688969
152 0.268853 0.991955
153 0.357266 -0.642821
154 0.091150 1.122570
155 0.286046 0.401012
156 0.256238 -0.702154
157 0.636226 0.014315
158 0.285242 -0.621351
159 0.268476 -0.440439
160 0.728968 -1.312430
161 0.418940 1.126460
163 0.607238 0.709512
164 0.099972 -1.294820
165 0.280254 -1.177580
166 0.241211 0.717145
167 0.426690 -0.936141
168 0.680647 -0.974540
169 0.147931 -0.099054
170 0.078301 0.273830
171 0.691588 1.164090
172 0.338962 -1.369600
173 0.389898 -0.711185
174 0.361626 1.550440
175 0.534448 -1.457450
176 0.462554 -1.178760
177 0.095627 -1.116600
178 0.615286 -1.112930
179 0.361329 0.889838
180 0.664871 -0.424174
181 0.869778 0.397919
182 0.256048 -1.408680
183 0.125277 -1.439100
184 0.225084 0.792308
185 0.165264 1.135710
186 0.157476 -0.535010
187 0.616750 1.346510
188 0.092155 0.882277
189 0.686086 0.910206
190 0.393142 -1.307210
191 0.065491 0.377466
192 0.452590 0.787933
193 0.705744 -1.397470
194 0.413190 -1.398100
195 0.112814 0.041924
196 0.484999 1.525160
197 0.882362 0.630534
198 0.280696 0.594643
199 0.347373 1.004980
200 0.078668 -0.461872
201 0.912105 -0.983533
202 0.503306 0.897625
203 0.635021 0.605825
204 0.262564 0.291396
205 0.385057 -0.519238
206 0.323335 0.541110
207 0.279214 0.307048
208 0.938638 -0.831473
209 0.591825 0.183272
210 0.834948 0.170962
211 0.342295 1.025230
212 0.113540 -0.762125
213 0.391686 -0.465817
214 0.671363 0.620234
215 0.846097 -0.851796
216 0.560627 0.460647
217 0.627973 -0.231299
218 0.628459 0.830750
219 0.535885 -0.671762
220 0.480281 1.196990
221 0.169257 0.905243
222 0.179243 1.430520
223 0.503976 1.272090
224 0.719724 -0.459398
225 0.584779 -0.915562
226 0.525884 -1.420640
227 0.531262 0.156614
228 0.594991 0.093573
229 0.877156 -0.445728
230 0.584936 -0.105424
231 0.471802 -1.534590
232 0.144246 0.615997
233 0.647825 0.248094
234 0.062553 -0.264590
235 0.272408 -0.390284
236 0.348889 0.581184
237 0.108237 0.574790
238 0.241919 -0.074510
239 0.265836 -1.453790
240 0.815086 -0.690578
241 0.850754 0.096406
242 0.754914 0.695887
243 0.399963 1.000450
244 0.469128 -0.702807
246 0.190133 -0.376308
248 0.615116 -0.207089
249 0.279664 0.055401
250 0.201775 0.658008
251 0.520642 -1.252960
252 0.211052 -1.496680
253 0.757879 0.752545
254 0.401277 -0.865502
255 0.186927 1.017010
257 0.558668 -0.583567
258 0.869338 0.294951
259 0.536561 -0.168172
260 0.610592 -0.364130
261 0.771877 -0.684915
262 0.644467 -0.559174
263 0.518495 0.157581
264 0.690152 0.085393
265 0.315862 -0.756570
266 0.309341 1.070980
267 0.668197 -1.301100
268 0.350693 -0.960958
269 0.202137 0.399795
270 0.718226 -0.383062
271 0.815481 -0.487226
272 0.727131 -0.902048
273 0.134217 0.735464
274 0.705538 -0.889839
275 0.603643 -0.117998
276 0.308825 -0.708910
277 0.196238 0.391346
278 0.463300 1.323160
279 0.602316 0.367780
280 0.127505 -0.923513
281 0.635445 -1.354680
282 0.230236 0.471699
283 0.162072 -1.038470
284 0.343481 -1.244710
285 0.363797 -1.432060
286 0.918479 -0.994736
287 0.323965 -0.519916
288 0.291237 -1.210290
289 0.265797 0.494231
290 0.111099 1.063200
291 0.637894 -0.893563
293 0.457681 0.790708
294 0.491308 0.237663
295 0.392666 1.258880
296 0.698460 1.172680
297 0.100667 -0.534321
298 0.386864 1.442920
299 0.349544 0.319307
300 0.168583 -0.484911
301 0.344443 -0.871852
302 0.355180 0.082363
304 0.723513 0.960959
305 0.419466 1.220710
306 0.832911 -0.767935
307 0.295497 0.965619
308 0.364258 1.221330
309 0.052518 0.187466
310 0.279854 -0.758623
311 0.240653 -0.579105
312 0.084683 0.950817
313 0.213966 0.524712
314 0.450298 0.728842
315 0.388474 0.722081
316 0.823973 -1.034690
317 0.830389 0.017694
318 0.307362 0.944033
319 0.553877 -0.665874
320 0.534657 -1.563120
321 0.564976 -0.976818
322 0.340440 -0.629793
323 0.177669 1.284470
324 0.530703 -1.455430
325 0.354528 -0.851590
326 0.436537 1.381370
327 0.097301 1.243110
328 0.537438 -1.411800
329 0.070788 -1.465910
330 0.066512 0.176852
331 0.708091 1.551040
332 0.229479 -1.340630
333 0.167178 1.376560
335 0.302317 0.786305
336 0.343542 -0.277820
337 0.535205 -1.354910
338 0.061202 0.682163
339 0.267620 0.534906
340 0.189084 1.235590
342 0.361588 -0.897483
343 0.407567 0.311936
344 0.324083 0.949028
345 0.568621 -0.169656
346 0.462566 -0.558303
347 0.176520 0.557738
348 0.590988 0.908114
349 0.732688 -1.543300
350 0.734438 -1.098010
351 0.095627 -1.552150
352 0.164370 -0.411580
353 0.033145 -0.758640
354 0.568230 -0.741022
355 0.224046 0.880647
356 0.337814 1.011700
357 0.463788 -1.169180
358 0.482339 1.237230
359 0.064530 -0.389051
360 0.085196 1.260200
361 0.283871 -0.355551
362 0.287799 0.560883
363 0.330258 1.047660
364 0.112794 -0.520966
365 0.552068 0.763701
366 0.254921 -0.042463
367 0.712155 -1.235600
368 0.391138 0.174396
369 0.144604 -1.544870
370 0.732614 -1.276600
371 0.296660 -1.302800
372 0.076372 1.072400
373 0.175688 -1.238540
374 0.015027 0.703255
375 0.192011 -0.740134
376 0.609129 0.138877
377 0.770509 0.379330
378 0.105170 0.981589
380 0.271181 -1.137040
382 0.110460 1.492660
383 0.733396 1.181930
384 0.792754 0.236651
385 0.277524 0.481839
386 0.110812 0.692641
387 0.201304 0.174602
388 0.252615 0.333126
389 0.553433 -0.962449
390 0.172088 -1.441170
392 0.103439 -0.077548
393 0.596870 0.597471
394 0.181609 0.185451
395 0.373874 1.507210
396 0.213704 0.594953
397 0.144271 -1.018280
398 0.363751 -0.725119
399 0.650490 -0.535188
400 0.534215 -1.486830
401 0.167888 0.222594
402 0.164868 -1.000390
403 0.307109 0.907335
404 0.619058 -0.995852
405 0.196119 1.350670
406 0.046755 -1.471180
407 0.485482 1.216670
408 0.462713 -0.350032
409 0.032049 0.464137
410 0.870187 0.963207
411 0.127144 -0.543210
412 0.141316 -0.575731
413 0.707397 1.364170
414 0.444814 0.179066
415 0.836218 0.273016
416 0.500039 -0.876733
417 0.646596 0.530632
418 0.407326 -0.286392
419 0.788714 1.528370
421 0.227303 -0.715178
422 0.130621 1.245550
423 0.346301 0.046707
424 0.130814 1.440330
425 0.081498 0.624751
426 0.320456 1.276850
428 0.207751 0.199865
429 0.299455 0.295111
430 0.118938 -0.737597
431 0.164067 -0.868898
432 0.101559 -1.160270
433 0.202411 -1.094490
434 0.327159 -0.317833
435 0.121062 1.352510
436 0.440477 -0.824527
437 0.673225 0.943040
438 0.630847 0.281415
439 0.164370 0.589845
440 0.311234 0.872287
441 0.103657 -1.300610
442 0.385115 -0.716939
443 0.312651 0.606187
444 0.548554 0.805188
445 0.164191 0.005040
446 0.577730 -1.049240
447 0.279645 1.326200
448 0.686013 -0.150657
449 0.437361 -1.366740
450 0.322976 -0.260618
451 0.183606 -0.508571
452 0.075577 0.554227
453 0.083474 -0.598976
454 0.080119 0.827885
455 0.388112 -0.416794
456 0.188353 -0.396638
457 0.641961 0.092008
458 0.726118 0.627676
459 0.127332 0.535723
460 0.214877 -0.997482
461 0.069428 -0.370772
462 0.477430 0.766146
463 0.257467 1.171280
464 0.156266 0.252338
465 0.126732 1.393230
466 0.312514 -0.689068
467 0.014668 0.067385
468 0.821334 0.087665
469 0.358408 -1.027770
470 0.181129 -0.760909
471 0.737235 -0.424325
472 0.366251 0.285258
473 0.200795 -0.258989
474 0.049106 0.281082
475 0.338069 -1.556380
476 0.482826 -0.022488
477 0.354906 0.534001
478 0.688652 -0.711139
479 0.510530 -1.250210
480 0.861492 0.058669
481 0.154785 -0.043594
482 0.631691 -0.709693
483 0.122878 -1.170740
484 0.378324 0.136556
485 0.393445 0.776299
486 0.524822 -1.302780
487 0.363059 -1.436910
488 0.302528 -0.917256
489 0.406565 1.077080
490 0.776763 0.730973
491 0.230392 0.724135
492 0.390804 0.867563
494 0.705468 -1.285960
495 0.444817 -0.668676
496 0.317783 -1.225800
497 0.101005 -0.080551
498 0.426298 -1.414850
499 0.783058 0.707734
500 0.179464 -0.453831
501 0.677262 -1.348550
502 0.574995 0.258001
503 0.249820 -0.516349
504 0.474618 0.099725
505 0.907707 -1.546620
506 0.074691 -1.532320
507 0.475487 -1.132110
508 0.343585 1.450270
509 0.142865 -1.019200
510 0.411750 1.436100
511 0.643613 -1.027310
512 0.542925 -0.727855
513 0.390610 0.986737
514 0.090435 -0.382239
515 0.276920 1.040740
516 0.577439 0.046203
517 0.011996 -1.104220
518 0.503251 -0.150565
519 0.655493 -1.305720
520 0.401947 -1.022360
521 0.296106 -0.224230
522 0.766162 0.041525
523 0.138483 0.455343
525 0.144587 0.011278
526 0.494330 1.562230
527 0.771368 -0.394711
528 0.525180 -1.260020
529 0.138667 1.490680
530 0.283494 1.275690
531 0.040095 1.234220
532 0.146237 -1.337220
533 0.171135 0.293113
535 0.388745 -1.293140
536 0.164420 1.018600
537 0.687223 -1.290730
538 0.460427 -0.513476
539 0.080940 -0.328331
540 0.065832 -1.135350
541 0.154352 -0.227477
542 0.733538 -0.725577
543 0.889384 0.988829
544 0.202873 -1.082950
545 0.299174 0.588915
546 0.086369 1.561170
547 0.177512 1.548090
548 0.056169 -0.227209
549 0.138732 -1.008970
550 0.618319 -1.472580
551 0.102285 0.754462
552 0.454557 -0.916912
553 0.419653 -1.319710
554 0.219888 1.403430
555 0.312366 1.508800
556 0.595301 0.134090
557 0.412372 1.388350
558 0.481609 0.624474
559 0.060508 1.403740
560 0.365745 -0.228267
561 0.201154 -0.339827
562 0.266420 1.179420
563 0.700687 0.817073
564 0.245044 0.484049
565 0.310169 0.262543
566 0.175928 -1.554430
567 0.550626 0.067171
568 0.118805 -1.482390
569 0.583774 -0.298470
570 0.111121 0.278991
571 0.823925 -1.434790
572 0.445104 -1.435520
573 0.608964 -1.261230
574 0.608166 -1.149250
576 0.238665 -0.617038
577 0.593922 -0.200789
579 0.791635 0.033808
580 0.454005 0.002454
581 0.270283 -0.662169
582 0.796802 0.508623
583 0.366125 0.806147
584 0.842880 0.909363
585 0.210754 -1.039440
587 0.353959 -0.641005
588 0.201532 -0.550842
589 0.749744 -1.527120
590 0.100071 0.406647
591 0.522538 -0.334623
592 0.530473 -0.465761
593 0.062171 1.372400
594 0.739110 -0.152293
595 0.408088 1.527820
596 0.386739 -0.444151
597 0.427209 0.189329
598 0.185274 0.777483
599 0.844320 -0.586618
600 0.333062 -1.117540
601 0.319813 0.388153
602 0.307407 -0.335504
603 0.432377 0.702773
604 0.446390 -0.071212
605 0.740641 -0.162412
606 0.183806 -0.361279
607 0.182398 -0.587044
608 0.856777 0.370287
609 0.594687 0.628603
610 0.570480 1.021370
611 0.425583 1.415990
612 0.379328 0.913802
613 0.189175 0.942018
614 0.032193 0.123064
615 0.090105 -1.114040
616 0.568934 0.273453
617 0.191636 -0.971164
618 0.665392 -0.516300
619 0.469819 1.384000
620 0.424824 1.454470
621 0.476717 -0.179355
622 0.510971 -0.386979
623 0.120449 1.543640
624 0.385286 1.423090
625 0.576135 0.190115
626 0.137308 -0.085978
627 0.219585 -0.767925
628 0.318429 -0.116350
629 0.289957 1.562320
630 0.672864 0.562005
631 0.817211 -0.530015
632 0.583777 1.330170
633 0.089440 1.394060
634 0.301347 0.575501
635 0.750378 0.530418
636 0.246461 0.610054
637 0.777450 0.564829
638 0.873062 -1.193750
639 0.752970 1.477200
640 0.482242 0.319686
641 0.271583 0.953711
642 0.293416 1.240460
643 0.719545 1.272010
644 0.209957 -0.520604
645 0.208345 -1.193860
646 0.511745 0.451324
647 0.247243 0.834621
648 0.028275 -1.288810
649 0.348232 -0.116630
650 0.150490 -1.534430
651 0.409388 1.338230
652 0.748196 -0.906870
653 0.457063 -0.847469
654 0.040650 1.327670
655 0.143317 0.547465
656 0.888963 -1.088340
658 0.342762 1.082980
659 0.176191 -0.899760
660 0.318729 -0.511653
661 0.272913 1.171090
662 0.477505 0.887011
663 0.053431 -0.468093
664 0.207709 0.150303
666 0.187753 -1.058940
667 0.557578 0.683844
668 0.366907 -0.247227
669 0.118212 -0.526558
670 0.433473 0.632096
671 0.696722 0.271453
672 0.293609 0.499007
673 0.358580 -0.744908
674 0.839260 1.485790
675 0.225783 0.621860
676 0.798925 -0.359699
677 0.581743 -1.216790
678 0.550470 0.163299
679 0.352422 -1.557550
680 0.079148 0.991614
681 0.277583 0.388011
682 0.582670 -0.226342
683 0.494237 -0.038686
684 0.190112 0.324398
685 0.669493 -0.825992
686 0.064550 0.263879
687 0.652699 -0.342560
688 0.238640 -0.276673
689 0.704099 1.246560
690 0.137721 -1.149230
691 0.982569 0.324991
692 0.587185 -0.345826
693 0.492485 -1.223420
694 0.065074 -1.479500
695 0.294257 -1.277860
696 0.148011 -0.547113
697 0.086767 -0.994593
698 0.598293 -0.213089
699 0.254574 -0.411097
700 0.318784 -0.297325
702 0.404009 0.901643
703 0.502674 -0.608019
704 0.140949 -1.187420
705 0.856861 -0.103165
706 0.627125 -0.444814
707 0.208024 1.493080
708 0.678589 -1.081750
709 0.669612 -0.983765
710 0.120585 -0.993478
711 0.715396 1.222390
712 0.256086 -0.471773
713 0.412182 0.213212
715 0.212320 0.358320
716 0.682099 -0.937167
717 0.864156 0.164766
718 0.057544 -1.348020
719 0.408135 -1.028540
720 0.558065 1.311990
721 0.777238 -1.553770
722 0.300305 0.473024
723 0.654845 1.006880
724 0.818476 0.148386
725 0.232818 -0.219305
726 0.216403 1.205600
727 0.648377 0.903210
728 0.447761 0.382126
729 0.112438 -0.429048
730 0.197659 1.411950
731 0.844737 -0.504612
733 0.720757 -0.263673
734 0.234369 -1.186730
735 0.063235 -0.319729
736 0.836653 -1.467090
737 0.112068 -0.006612
738 0.229726 1.100260
739 0.371021 -0.703506
740 0.446606 -1.481430
741 0.321040 -0.429157
742 0.364508 -0.362725
744 0.165168 0.358001
745 0.745174 0.248326
746 0.487330 0.287212
747 0.174598 0.910041
748 0.273911 -1.009820
749 0.089299 1.413990
750 0.205660 -1.315230
751 0.157293 -0.446425
752 0.135392 -0.061268
753 0.360095 0.235706
754 0.220119 0.914855
755 0.317532 -0.253823
756 0.523441 0.140994
757 0.275772 -0.378015
758 0.228183 0.640122
759 0.377643 1.254030
760 0.814265 -0.672550
761 0.076606 0.287773
762 0.659835 0.523628
763 0.395007 0.867171
764 0.034244 -0.232792
765 0.496703 1.069400
766 0.860269 1.002470
767 0.258455 -1.322670
768 0.914295 -0.419325
769 0.118346 -1.315810
770 0.299873 -0.924730
771 0.164447 0.871240
772 0.452750 1.205100
773 0.214552 0.718693
774 0.176713 -1.151660
775 0.095650 0.281123
776 0.496556 0.447202
778 0.275319 0.608979
779 0.779602 -0.228193
780 0.135260 -1.456660
781 0.161150 0.666011
782 0.827941 0.612052
783 0.300953 -1.253310
784 0.622027 -0.850553
785 0.504420 -0.415681
786 0.419230 -0.937512
787 0.785403 -0.924644
788 0.389224 1.080360
789 0.362142 0.112125
790 0.873094 -1.518250
791 0.229049 1.263970
792 0.529596 -1.024320
793 0.801497 0.329649
794 0.272377 -1.489160
795 0.363972 1.291430
796 0.738948 1.072240
797 0.771943 1.434070
798 0.352869 -0.505436
799 0.153999 -0.315687
800 0.301763 -1.556770
801 0.669969 -0.079050
802 0.266342 0.790115
803 0.617241 0.177469
804 0.564376 -1.313260
805 0.635425 -0.765103
806 0.835977 -0.764129
807 0.871303 -0.644760
808 0.321602 0.722275
809 0.740270 1.258380
810 0.353693 -0.368068
811 0.676564 0.366461
812 0.343214 -1.499990
813 0.269404 -0.961821
814 0.556619 -0.555681
815 0.684684 0.414364
816 0.617879 -0.466663
818 0.206795 0.698569
819 0.580625 0.384922
820 0.245488 0.186448
821 0.401154 -1.436640
822 0.198971 -1.566030
823 0.188734 -0.822493
824 0.599036 -1.164820
825 0.218890 -1.555710
826 0.389624 1.060250
827 0.026651 -1.128660
828 0.592267 -0.967356
829 0.573404 1.535860
830 0.239313 0.141828
831 0.186370 -1.204650
832 0.818060 0.971005
833 0.526467 0.472517
834 0.101517 1.066120
835 0.855271 1.473850
837 0.210703 -0.561394
838 0.295329 0.518799
839 0.389957 -0.635947
840 0.252526 -0.674666
841 0.092961 -1.548560
842 0.115009 0.921019
843 0.443819 -0.984919
844 0.359857 -1.367120
845 0.878995 1.384370
846 0.868981 0.189240
847 0.682254 -0.853553
848 0.063622 -0.599249
849 0.324771 -0.236936
850 0.160352 -0.804781
852 0.543982 0.734022
853 0.349824 1.445160
854 0.308215 -0.699202
855 0.701996 0.829827
856 0.595951 1.408320
857 0.136627 0.382371
858 0.634658 -1.549630
859 0.033316 -1.471290
860 0.117864 -0.081408
861 0.216788 0.423632
862 0.552200 0.646217
863 0.107885 1.484950
864 0.601127 -0.076059
865 0.626406 1.226530
866 0.436251 1.294410
867 0.448418 -0.033780
868 0.139997 0.442904
869 0.470874 -0.690001
870 0.076438 -0.964764
871 0.121690 -0.619231
872 0.516171 -0.861997
873 0.341266 1.393070
874 0.144298 -1.142570
875 0.508884 1.349280
876 0.864743 0.409575
877 0.766179 -0.145472
878 0.782754 0.713678
879 0.242196 0.757558
880 0.091784 -0.836526
881 0.549766 -1.252090
882 0.352222 0.387672
883 0.109431 -0.689652
884 0.285964 1.299430
885 0.439094 -1.008350
886 0.242964 0.992372
887 0.264712 0.249084
888 0.557208 -1.090270
889 0.268541 0.799660
890 0.980179 -0.788720
891 0.341698 0.802640
892 0.575082 0.136728
893 0.209808 0.807525
894 0.241516 1.327800
895 0.041927 -0.395596
896 0.507727 1.291750
897 0.785835 -0.640167
898 0.257810 1.560150
899 0.342134 -0.845396
900 0.288288 -0.935626
901 0.212458 -0.122335
902 0.145632 1.067670
903 0.176646 -0.774976
904 0.784517 0.717383
905 0.591357 1.335220
906 0.276006 -0.964523
908 0.918390 -0.742087
909 0.287332 1.210330
910 0.741670 -0.447388
911 0.285205 -1.019620
912 0.627378 -0.454149
913 0.344683 0.432783
914 0.133384 -0.431637
915 0.244822 -0.143862
916 0.397715 1.254900
917 0.211531 -1.510810
918 0.306795 0.877321
919 0.485554 -0.221862
920 0.165874 -0.326673
921 0.063130 1.469270
922 0.423120 0.001745
923 0.895090 1.039770
925 0.042117 -0.506349
926 0.783353 -1.515160
927 0.873196 -0.914113
928 0.176355 0.796220
929 0.224780 -0.867021
930 0.400172 -1.099290
931 0.481679 0.948222
932 0.083768 0.285284
933 0.288870 1.170640
934 0.170064 1.244310
935 0.421153 -1.468910
936 0.218952 -0.883962
937 0.461358 1.095130
938 0.881706 0.014401
939 0.047084 0.483621
940 0.071953 -0.967409
941 0.186922 0.328170
942 0.206964 -0.975912
943 0.463518 0.665545
944 0.465512 1.183380
945 0.716188 0.173520
946 0.397311 -1.550890
947 0.261731 1.145700
948 0.754306 0.153084
949 0.779097 -0.823131
950 0.317538 0.762557
951 0.471624 0.492440
952 0.329502 1.114520
953 0.117178 -0.539048
954 0.376723 1.336490
955 0.085122 -0.459805
956 0.199012 -0.585082
957 0.128853 -0.469986
959 0.085471 -1.186920
960 0.631359 0.589473
961 0.237411 0.715850
962 0.551970 0.163715
963 0.186612 -1.521940
964 0.613416 1.108350
965 0.721283 -0.021407
966 0.448061 0.563999
967 0.473597 1.432960
968 0.119265 -0.670203
969 0.026771 0.246031
970 0.662004 1.465970
971 0.583311 -0.173951
972 0.209569 -0.202528
973 0.425096 1.086670
974 0.665451 0.355582
975 0.409017 0.897853
976 0.099025 -0.987624
977 0.024992 0.185387
978 0.467155 0.555443
979 0.467711 1.237910
980 0.314320 0.883212
981 0.685687 0.695550
982 0.554692 0.299698
983 0.130237 0.567686
984 0.485288 0.486981
985 0.158531 0.892735
986 0.500692 1.191090
987 0.302402 0.572375
988 0.319997 0.261368
989 0.246667 -1.028970
990 0.431175 -0.791708
991 0.411092 1.285130
992 0.289405 0.983082
993 0.200671 -0.874214
994 0.394190 0.504648
995 0.676508 1.311130
996 0.149150 0.231448
997 0.156006 -1.434270
998 0.195089 -0.766197
999 0.221611 -0.227241
26 0.245193 -0.752799
27 0.330525 0.435956
28 0.495389 -0.118437
32 0.649282 -0.433596
34 0.444068 -0.263647
35 0.411783 1.094950
38 0.214696 -0.885737
40 0.650511 1.452290
41 0.388001 0.713345
46 0.157981 -0.303303
57 0.396751 0.055451
61 0.287513 1.070210
63 0.564112 0.262240
67 0.479170 0.372879
77 0.476711 0.154197
78 0.569718 0.394979
90 0.414791 1.016430
96 0.475783 0.491531
104 0.415660 -1.199060
105 0.438811 -0.719553
106 0.475907 1.179760
109 0.311880 1.357400
120 0.410645 0.839015
123 0.235698 -0.479207
128 0.476041 0.288434
133 0.217339 0.380587
135 0.424845 -0.978637
142 0.415542 -1.226200
149 0.690386 0.580761
161 0.590624 0.027530
162 0.279622 0.850569
166 0.292897 0.403934
169 0.314027 0.837488
174 0.311616 1.215990
177 0.406417 1.021490
181 0.545648 -0.197058
186 0.398921 -0.658790
189 0.592773 1.388160
203 0.408486 0.551256
204 0.549296 1.537640
206 0.238866 1.393410
209 0.388721 -0.171911
210 0.543865 -1.141850
212 0.322697 -0.858760
215 0.459326 0.558336
217 0.654200 0.033289
224 0.472051 -1.302890
234 0.203294 0.542886
236 0.433699 0.620303
240 0.513734 -0.300154
242 0.460908 0.959687
243 0.570197 -0.422641
245 0.158063 0.368345
247 0.636084 1.266610
249 0.466963 -0.163557
255 0.352976 -0.808465
256 0.674392 0.606411
265 0.322796 1.362200
274 0.383174 1.403200
280 0.559159 0.917500
283 0.396021 0.632764
291 0.435316 0.111044
292 0.219294 -1.186320
295 0.579817 0.968526
302 0.361871 -0.384407
303 0.675166 -0.308168
304 0.505557 0.550221
312 0.358150 -0.796727
317 0.518161 -0.132901
334 0.709950 1.560170
341 0.520547 -1.365720
352 0.131046 -1.326040
353 0.559302 1.171750
366 0.602713 0.227138
367 0.515036 0.970257
376 0.563276 -0.526238
377 0.600271 -0.972580
379 0.177704 0.307578
381 0.472524 1.158690
382 0.234637 0.735921
391 0.605182 -0.293775
394 0.438192 -0.360328
403 0.563760 1.540540
404 0.611933 0.470402
406 0.565831 -0.194027
420 0.618229 1.396070
421 0.529725 -0.094296
426 0.446685 0.176438
427 0.558105 0.790041
436 0.654050 -0.069079
440 0.125144 -1.272600
441 0.480699 -0.484728
444 0.419755 -0.325090
447 0.571842 1.200600
449 0.496232 -1.341360
461 0.414182 -1.039730
475 0.527012 0.235304
490 0.687410 1.442080
493 0.143029 1.074320
498 0.495770 -0.607441
499 0.679767 -0.935112
501 0.571053 -1.244080
509 0.407776 -0.545104
515 0.344704 0.220719
524 0.399879 -1.192650
534 0.507746 0.104423
536 0.651704 -0.609384
575 0.553316 -1.426870
578 0.220848 -0.261548
579 0.400790 -1.107050
581 0.640622 0.005980
583 0.507981 0.738693
586 0.597151 -0.766510
590 0.530742 -0.586958
595 0.165511 1.146820
604 0.530531 -0.477066
607 0.466891 1.460570
616 0.559791 0.990936
617 0.435974 -0.658900
627 0.552544 1.021690
636 0.304131 0.457811
639 0.472949 0.000081
646 0.561411 -0.925973
652 0.415683 0.279361
657 0.172395 -1.295920
665 0.299279 1.119190
669 0.313953 -1.461480
673 0.442771 -0.395636
674 0.541261 0.960872
689 0.667983 -0.188767
693 0.370749 1.420860
694 0.481682 1.052190
696 0.303830 -1.139770
701 0.360254 0.374521
714 0.645581 1.181860
715 0.202164 -1.117010
717 0.493757 0.117298
718 0.322178 -0.637190
719 0.570257 -1.055750
727 0.406080 1.244760
731 0.437095 -1.501530
732 0.742286 1.108550
739 0.574967 0.454380
743 0.595482 0.552087
745 0.578286 -1.026010
747 0.693831 0.464387
755 0.544456 -1.463600
758 0.581516 -0.834859
760 0.633284 0.629487
764 0.476608 1.142850
777 0.470778 0.246366
778 0.074574 1.328600
793 0.408411 1.421970
801 0.474034 0.439209
802 0.510341 0.556157
806 0.658110 1.401290
810 0.372335 -0.606556
817 0.478575 0.938591
823 0.192398 1.342370
825 0.563554 0.132075
831 0.196381 -1.272690
832 0.556780 -0.050282
836 0.517825 1.213960
850 0.409491 -1.566470
851 0.522842 -0.040264
852 0.368615 -0.763302
856 0.490448 -0.278586
878 0.355338 0.269981
902 0.631247 1.283000
907 0.514638 1.134430
909 0.389471 -0.984267
913 0.518898 -1.309480
914 0.693138 -1.148780
915 0.411979 0.740555
920 0.469925 -0.596813
924 0.364252 -0.297759
929 0.550514 -0.268118
930 0.151063 -0.340679
932 0.458708 1.358860
933 0.407808 1.299880
934 0.395057 0.920205
941 0.594509 1.495220
942 0.273400 -0.036996
950 0.600924 -1.429910
958 0.516861 0.644652
959 0.682637 -1.218060
964 0.566084 0.459376
968 0.262370 1.505850
969 0.458112 1.380230
973 0.330751 -1.134200
977 0.695312 0.997824
978 0.389184 0.289380
989 0.618700 1.308540
1010 0.223795 -0.993524
1011 0.620839 -0.731866
1012 0.417240 0.393311
1015 0.458763 -0.509665
1026 0.576193 -0.685695
1032 0.378521 1.562670
1040 0.414208 0.800357
1041 0.529316 -0.322046
1045 0.478376 -1.468410
1047 0.488892 -0.364987
1053 0.538348 0.052873
1057 0.651879 1.146130
1065 0.317252 1.362470
1066 0.627367 -1.552010
1068 0.421062 -0.218778
1078 0.485197 1.283040
1085 0.517321 -0.891610
1092 0.416831 0.779349
1096 0.402519 -1.559680
1098 0.714319 0.624533
1100 0.406977 0.242855
1101 0.495879 0.096002
1106 0.497167 0.947860
1122 0.248546 0.994655
1133 0.129058 -0.388470
1139 0.538872 -1.473350
1144 0.495435 0.689261
1145 0.721136 1.557810
1153 0.380050 0.199542
1162 0.475945 1.503270
1164 0.369991 -0.398872
1174 0.321842 -0.381792
1180 0.490236 -0.314592
1192 0.420043 1.144750
1193 0.269427 -1.381400
1196 0.381367 -1.410490
1200 0.678843 1.263740
1205 0.513800 -0.515317
1212 0.072641 -1.294330
1224 0.335136 -0.022673
1229 0.407146 0.671430
1244 0.479683 -1.415010
1251 0.422666 -1.033900
1257 0.558650 -1.471620
1263 0.521565 -0.657500
1267 0.515238 0.153059
1270 0.420173 1.253600
1275 0.533197 1.010130
1277 0.544412 0.512061
1282 0.496246 0.160040
1292 0.050286 0.893398
1295 0.410802 0.433861
1301 0.504790 1.339200
1302 0.262285 -0.616433
1305 0.420640 -0.886202
1306 0.268675 -0.891562
1308 0.326282 1.023020
1319 0.560097 0.181947
1320 0.454320 -0.244154
1325 0.484477 -1.114830
1332 0.521592 0.791085
1338 0.582956 -0.777181
1343 0.328808 -0.350541
1348 0.402955 -0.911665
1353 0.598152 0.544379
1359 0.204833 -1.195410
1360 0.361989 0.269963
1365 0.184478 1.450150
1368 0.270039 -0.907166
1377 0.646650 0.341372
1392 0.412683 -1.363450
1399 0.384777 0.191893
1403 0.739212 0.081831
1405 0.152992 -0.456028
1412 0.526740 1.014280
1422 0.508772 -0.532170
1423 0.257243 -0.809944
1427 0.625688 1.141670
1432 0.408738 0.378468
1436 0.447494 -1.132930
1445 0.315611 0.153040
1454 0.689510 -1.336260
1461 0.400262 -0.258997
1462 0.468251 0.556816
1474 0.520535 1.359070
1477 0.470460 0.030008
1480 0.356101 -0.438165
1483 0.411202 -1.065130
1487 0.635333 -1.241090
1491 0.385957 1.151920
1494 0.374915 -0.268004
1498 0.245005 -0.235307
1499 0.400310 -0.122892
1500 0.464020 -0.680373
1509 0.425020 1.498960
1519 0.313009 -0.370726
1522 0.446367 0.590040
1523 0.281285 0.251460
1532 0.451852 -0.278496
1534 0.356962 1.316860
1547 0.564351 -1.037250
1555 0.692269 0.934620
1563 0.620295 1.519540
1570 0.253137 1.254280
1571 0.427370 1.273020
1575 0.311706 -1.316960
1582 0.327178 0.381185
1583 0.307450 1.306670
1586 0.369909 -0.603065
1587 0.383976 0.017718
1589 0.642849 -1.509870
1593 0.487253 -0.316529
1597 0.438088 -0.926705
1611 0.522901 -0.435414
1615 0.629730 -0.175419
1616 0.483353 1.383350
1619 0.348181 -0.014917
1622 0.697102 -0.520318
1625 0.435034 -0.778848
1635 0.531848 -1.451750
1643 0.458067 1.353000
1644 0.443944 1.253000
1646 0.542249 -0.094146
1651 0.674375 0.103235
1658 0.373684 -1.344150
1664 0.480531 -0.271621
1666 0.355139 1.002220
1667 0.480272 -1.425880
1674 0.534626 -0.792734
1678 0.417255 -0.811820
1680 0.470343 1.064500
1683 0.462340 -1.461870
1699 0.321280 -1.298500
1708 0.400414 1.173480
1709 0.417268 -0.097448
1710 0.518104 0.401378
1716 0.287189 0.468279
1720 0.714565 0.429306
1725 0.453162 0.505706
1731 0.576635 -0.930926
1735 0.436109 -0.609049
1742 0.464399 0.680285
1744 0.264125 -0.309256
1749 0.367463 1.116210
1754 0.550402 -0.660809
1763 0.510442 -1.339800
1772 0.428545 0.345010
1778 0.573862 0.985124
1782 0.304834 0.821479
1792 0.317614 -0.199728
1795 0.503184 0.346970
1797 0.369642 1.189450
1803 0.529010 -0.122234
1809 0.552058 -1.569180
1815 0.295071 -1.028640
1816 0.492522 0.293776
1819 0.423382 1.160290
1822 0.170141 -0.384215
1824 0.337572 0.341823
1827 0.263677 -0.729333
1829 0.598451 1.069710
1831 0.658005 0.247665
1837 0.635929 1.256980
1851 0.560192 0.453399
1854 0.364421 1.179840
1865 0.391483 0.790589
1866 0.307912 -0.452624
1869 0.494542 -0.545170
1877 0.589355 -0.744092
1885 0.306155 -0.428639
1889 0.566272 -1.165930
1892 0.329502 -1.210900
1895 0.374724 -0.584816
1897 0.477779 0.133391
1904 0.590972 -1.469300
1910 0.409116 -1.388580
1916 0.166786 1.375670
1924 0.629529 0.991952
1926 0.521567 1.101610
1929 0.584000 0.906112
1933 0.582669 1.488760
1945 0.475714 1.141600
1953 0.654654 -0.868288
1955 0.507817 0.258914
1960 0.438532 0.447902
1961 0.433258 -0.404777
1963 0.377222 -0.278268
1967 0.490748 1.039140
1976 0.501462 0.498521
1977 0.632097 -1.035240
1979 0.495729 -1.203630
1980 0.528591 -0.352672
1992 0.535506 -0.028125
2004 0.584925 1.334300
2012 0.409915 -0.840213
2013 0.155583 1.305030
2018 0.563114 -0.649626
2019 0.446588 -0.465530
2022 0.515538 0.597577
2024 0.393880 -1.270490
2030 0.502997 -0.683982
2034 0.443511 -0.221541
2038 0.485553 0.101345
2042 0.507929 1.474450
2049 0.344970 -0.497263
2053 0.528832 -0.401112
2055 0.598915 -0.995691
2057 0.405696 -1.166520
2066 0.207255 0.902847
2070 0.335072 -0.791061
2080 0.482692 0.757879
2084 0.388206 -0.613100
2086 0.543241 -0.996129
2092 0.571899 -0.787047
2101 0.262552 -1.230460
2112 0.334470 0.499291
2122 0.362903 1.342320
2134 0.392133 0.937449
2142 0.521606 0.338464
2143 0.441803 -0.053419
2145 0.224673 -0.870025
2146 0.512943 1.258960
2150 0.457937 -0.105337
2154 0.471009 0.681730
2160 0.241472 1.225570
2162 0.616269 0.048366
2165 0.610671 1.334310
2167 0.440822 -0.995541
2172 0.527016 0.992410
2173 0.590463 -0.782412
2178 0.583902 -0.414028
2179 0.594331 -1.565560
2180 0.376348 -0.868035
2181 0.488450 -1.176860
2184 0.188795 1.301680
2185 0.249216 -1.278260
2186 0.355356 -0.248295
2187 0.400210 0.243242
2199 0.438790 -0.134172
2202 0.304285 -0.973052
2203 0.514973 0.740816
2205 0.292841 -0.194565
2206 0.537981 1.083450
2216 0.673504 -1.386550
2220 0.283204 -1.534640
2227 0.366602 0.116117
2234 0.404759 -0.389206
2241 0.472897 -0.532399
2247 0.307783 -0.980258
2248 0.382069 -0.065224
2269 0.675438 1.182810
2271 0.270086 0.995898
2272 0.408424 -1.195800
2274 0.369958 0.405169
2277 0.279200 0.605544
2282 0.380268 -0.431128
2283 0.542407 1.560440
2285 0.350369 0.811646
2286 0.467796 0.344839
2287 0.562622 1.263510
2288 0.518238 -0.870323
2301 0.507656 -0.156206
2314 0.463195 0.944617
2328 0.249613 0.294702
2329 0.103397 0.725389
2339 0.325130 0.954170
2345 0.734275 0.219733
2347 0.356869 -0.800446
2350 0.630944 -1.384310
2363 0.581167 -0.947009
2364 0.686294 -1.568700
2369 0.372364 -0.632187
2372 0.569764 1.234800
2374 0.231252 -0.238864
2386 0.437280 -0.502768
2390 0.324979 0.548389
2393 0.390795 -0.936081
2402 0.315851 -0.353888
2411 0.548007 0.829763
2426 0.380984 1.481180
2435 0.336086 0.845032
2436 0.552536 -1.191170
2440 0.665691 -0.998456
2449 0.432090 -1.349790
2456 0.314424 0.781580
2463 0.272348 1.533170
2464 0.440265 -0.667851
2466 0.630154 -0.527155
2477 0.461229 -0.624696
2480 0.395559 -0.581625
2483 0.344347 -1.067130
2492 0.460184 0.601354
2494 0.248170 -1.073670
2500 0.393132 -0.369851
2502 0.567723 -0.959797
2503 0.235149 -0.855457
2504 0.389930 -0.836132
2506 0.432749 0.157123
2507 0.292235 1.488980
2515 0.526131 0.213567
2522 0.482561 -1.380790
2525 0.292337 -0.830616
2530 0.462854 0.057683
2532 0.594153 1.003970
2534 0.403886 0.830523
2536 0.494017 -0.595638
2537 0.443979 -0.966483
2538 0.257522 0.614066
2542 0.611909 -0.174140
2543 0.634810 0.864220
2548 0.384732 0.197645
2555 0.428727 0.151178
2558 0.587972 -1.135250
2559 0.580367 0.721175
2566 0.596773 0.706122
2571 0.383633 0.571802
2572 0.459096 1.365160
2574 0.377301 -0.771032
2576 0.675758 -0.091116
2577 0.187845 0.989469
2579 0.264820 1.141030
2586 0.349243 0.657530
2587 0.502935 0.517212
2603 0.601375 0.558384
2606 0.569566 -0.196350
2612 0.478312 0.682685
2621 0.412367 -0.810531
2623 0.598942 -0.062976
2624 0.405229 -0.783104
2625 0.352154 -0.061975
2632 0.129115 0.169051
2635 0.332919 -1.437970
2641 0.582438 -1.295940
2649 0.598751 -1.395190
2652 0.328159 -0.365206
2653 0.558945 0.453022
2655 0.559948 -1.354820
2661 0.410622 -1.367480
2665 0.326162 1.289660
2666 0.454501 0.120869
2674 0.643526 -0.220469
2678 0.338001 0.963026
2683 0.424225 -0.550765
2688 0.270634 -0.435191
2696 0.666839 -1.411620
2706 0.476208 1.402900
2708 0.446284 0.998232
2709 0.533074 -1.038430
2715 0.607635 1.000950
2716 0.381438 -0.738169
2717 0.415672 0.079605
2718 0.486197 1.034710
2732 0.530247 0.648668
2737 0.427415 -1.488990
2739 0.539340 0.569753
2740 0.326634 0.275540
2746 0.509008 1.299280
2750 0.392520 -1.440400
2753 0.457588 -1.534010
2755 0.450303 0.163405
2763 0.492994 0.283217
2770 0.479333 -0.049637
2796 0.377223 1.043830
2797 0.539118 -0.285972
2803 0.446237 1.250320
2804 0.818875 -1.240960
2807 0.410489 0.309002
2810 0.308740 0.691890
2813 0.419066 -1.517760
2815 0.329038 0.937432
2818 0.455278 -1.025950
2820 0.387209 0.563099
2824 0.513690 0.926270
2832 0.489329 -1.070520
2840 0.132198 -0.673301
2842 0.615150 1.502270
2844 0.480533 -0.411175
2848 0.595832 -0.309722
2850 0.391198 0.587113
2855 0.476328 -0.807264
2863 0.619522 -1.273750
2864 0.369244 -1.054340
2872 0.403887 -0.620616
2874 0.667170 0.941629
2875 0.493601 0.607084
2878 0.353268 0.762144
2895 0.523078 1.510090
2896 0.404329 0.150345
2899 0.378765 0.348963
2907 0.165078 -0.246776
2910 0.533488 0.700557
2911 0.627013 -0.161248
2912 0.433141 1.239400
2923 0.588296 -1.424590
2927 0.496855 0.518715
2928 0.501557 -1.170000
2932 0.292522 -1.259700
2940 0.278054 1.407810
2941 0.512476 0.501118
2948 0.517224 1.347900
2949 0.567870 -0.395371
2954 0.193844 -0.582286
2958 0.365284 0.164194
2968 0.617826 0.352413
2981 0.215202 1.401760
2986 0.623665 -1.256150
2988 0.518236 -0.419822
2990 0.109594 -0.602303
2994 0.380573 1.403190
