# Event_ID q2 Psi_EP epsilon2 phi2
14 3.032337 1.271085 0.304250 -0.213349
16 2.339389 -1.532400 0.515206 0.303967
18 1.576864 0.947553 0.305365 -0.390420
19 4.781847 -1.410953 0.451706 -0.009927
20 3.809430 -0.318395 0.480677 1.519780
21 1.449628 0.397286 0.331740 -1.257540
23 3.129900 0.001197 0.397880 1.431390
25 1.124709 1.362170 0.251800 -0.173726
26 0.882089 1.178507 0.245193 -0.752799
27 3.156197 0.361403 0.330525 0.435956
28 2.259791 1.529628 0.495389 -0.118437
29 1.786404 -0.413754 0.421695 -1.468080
32 3.533080 0.991010 0.649282 -0.433596
34 3.176826 1.298902 0.444068 -0.263647
35 2.311570 -0.440679 0.411783 1.094950
38 1.971299 0.562578 0.214696 -0.885737
40 3.034109 -0.688306 0.650511 1.452290
41 2.628605 -0.888148 0.388001 0.713345
45 5.231755 0.438463 0.750484 -1.255160
46 1.382375 1.523584 0.157981 -0.303303
54 2.004082 -1.300029 0.367985 0.159815
55 2.093490 -1.446527 0.315447 0.207660
57 3.212075 1.494524 0.396751 0.055451
58 5.305753 -0.006837 0.488007 1.535450
61 2.726606 -0.447101 0.287513 1.070210
63 3.876498 -1.370495 0.564112 0.262240
64 3.050110 -0.941842 0.493599 0.642834
67 4.339546 -1.178017 0.479170 0.372879
70 2.070415 0.255023 0.443514 -1.197090
72 1.159436 1.303009 0.296784 -0.059085
77 3.067730 -1.339568 0.476711 0.154197
78 6.126303 -1.099645 0.569718 0.394979
80 3.089927 -0.919122 0.464015 0.750574
82 3.106600 0.262103 0.484167 -1.086810
83 3.027083 0.307136 0.400332 -1.255840
90 0.850427 -0.582588 0.414791 1.016430
93 3.605156 0.145791 0.476080 1.534500
96 4.773297 -1.017985 0.475783 0.491531
103 3.353012 -1.399245 0.392688 0.108370
104 2.898735 0.390026 0.415660 -1.199060
105 3.024954 0.911129 0.438811 -0.719553
106 2.757883 -0.260211 0.475907 1.179760
107 0.227985 -1.205646 0.255145 -1.432800
109 0.680981 0.526531 0.311880 1.357400
113 3.764275 -0.297229 0.615189 1.486560
114 2.976894 -1.126414 0.448642 0.361288
120 2.571226 -0.917990 0.410645 0.839015
123 1.018363 0.968537 0.235698 -0.479207
124 4.356148 -1.060411 0.387317 0.632010
127 3.454405 -1.272355 0.498952 0.144631
128 4.597614 -1.260456 0.476041 0.288434
130 2.685587 0.621388 0.470680 -0.742746
132 4.686245 0.883240 0.503047 -0.745183
133 1.774522 -1.159823 0.217339 0.380587
135 2.357917 -1.019571 0.424845 -0.978637
136 1.149260 0.522155 0.194967 -1.047520
140 3.236269 -0.836732 0.362899 0.665760
142 2.971802 0.307290 0.415542 -1.226200
143 3.666177 1.033755 0.423053 -0.454929
149 3.674734 0.440098 0.690386 0.580761
150 4.876856 0.625074 0.681754 -0.828932
156 0.993233 0.535752 0.256238 -0.702154
161 4.911705 -1.536852 0.590624 0.027530
162 1.635122 -0.987354 0.279622 0.850569
166 1.402431 -0.888325 0.292897 0.403934
169 2.383508 -0.884445 0.314027 0.837488
173 3.680623 0.738776 0.389898 -0.711185
174 3.463274 -0.712381 0.311616 1.215990
177 2.441483 -0.402905 0.406417 1.021490
181 4.967972 1.207464 0.545648 -0.197058
186 2.464387 0.794187 0.398921 -0.658790
187 4.221001 -0.197902 0.616750 1.346510
189 5.516192 -0.209652 0.592773 1.388160
192 2.898924 -0.954664 0.452590 0.787933
196 4.262255 -0.033286 0.484999 1.525160
198 1.324444 -0.833763 0.280696 0.594643
199 2.789271 -0.273772 0.347373 1.004980
202 3.394915 -0.628921 0.503306 0.897625
203 1.732823 -1.439033 0.408486 0.551256
204 4.029116 -0.029576 0.549296 1.537640
206 2.293982 -0.508786 0.238866 1.393410
209 3.416339 1.497727 0.388721 -0.171911
210 1.049441 0.023389 0.543865 -1.141850
211 3.957771 -0.487298 0.342295 1.025230
212 3.825823 0.798022 0.322697 -0.858760
215 2.793010 -1.179667 0.459326 0.558336
217 3.531932 1.396255 0.654200 0.033289
224 2.304807 0.348719 0.472051 -1.302890
225 3.489930 0.664599 0.584779 -0.915562
226 3.211989 0.353662 0.525884 -1.420640
227 3.511519 -1.157018 0.531262 0.156614
228 3.930574 -1.240927 0.594991 0.093573
234 0.287472 -0.459348 0.203294 0.542886
235 1.912169 0.825265 0.272408 -0.390284
236 2.649762 -0.988685 0.433699 0.620303
238 1.965557 -1.529579 0.241919 -0.074510
240 3.422338 1.256547 0.513734 -0.300154
242 3.154687 -0.579211 0.460908 0.959687
243 3.764318 1.200640 0.570197 -0.422641
245 1.897689 -0.857766 0.158063 0.368345
247 2.865389 -0.826566 0.636084 1.266610
248 4.028525 1.263811 0.615116 -0.207089
249 2.213030 1.266907 0.466963 -0.163557
251 3.550360 0.397836 0.520642 -1.252960
255 3.771399 0.767121 0.352976 -0.808465
256 1.245836 0.945944 0.674392 0.606411
259 3.891052 1.481468 0.536561 -0.168172
265 1.538804 -0.297032 0.322796 1.362200
268 2.349713 0.582725 0.350693 -0.960958
274 2.623983 -0.188620 0.383174 1.403200
280 3.709594 -0.669675 0.559159 0.917500
283 3.027199 -0.907067 0.396021 0.632764
284 3.569185 0.067471 0.343481 -1.244710
291 2.846804 1.343762 0.435316 0.111044
292 3.789980 0.364673 0.219294 -1.186320
294 4.123448 -1.270139 0.491308 0.237663
295 2.876191 -0.608406 0.579817 0.968526
299 1.899417 -1.170946 0.349544 0.319307
301 1.896513 0.508075 0.344443 -0.871852
302 4.759121 1.104836 0.361871 -0.384407
303 3.289768 1.109060 0.675166 -0.308168
304 4.174497 -1.044304 0.505557 0.550221
305 2.796183 -0.317040 0.419466 1.220710
308 1.915146 -0.109235 0.364258 1.221330
312 1.909518 0.684886 0.358150 -0.796727
314 3.275022 -0.869417 0.450298 0.728842
317 5.166278 1.371711 0.518161 -0.132901
324 3.627629 0.092310 0.530703 -1.455430
326 2.134787 -0.075106 0.436537 1.381370
328 2.082443 0.240859 0.537438 -1.411800
334 2.732804 -0.371650 0.709950 1.560170
341 2.243392 0.172617 0.520547 -1.365720
342 3.113898 0.578254 0.361588 -0.897483
343 2.726109 -1.342019 0.407567 0.311936
352 0.175412 -0.922413 0.131046 -1.326040
353 5.709051 -0.342816 0.559302 1.171750
354 2.050038 0.723949 0.568230 -0.741022
358 2.030552 -0.104163 0.482339 1.237230
365 6.330859 -0.769768 0.552068 0.763701
366 4.281976 -1.355061 0.602713 0.227138
367 3.754925 -0.676455 0.515036 0.970257
376 2.271794 1.114896 0.563276 -0.526238
377 3.804329 0.766392 0.600271 -0.972580
379 3.157917 -1.536058 0.177704 0.307578
381 2.351805 -0.794465 0.472524 1.158690
382 1.949708 -0.905797 0.234637 0.735921
391 4.716892 1.384125 0.605182 -0.293775
394 3.047857 1.063606 0.438192 -0.360328
400 2.261863 -0.147711 0.534215 -1.486830
403 3.602386 -0.223853 0.563760 1.540540
404 2.775388 -1.194449 0.611933 0.470402
405 1.473219 -0.821347 0.196119 1.350670
406 3.612828 1.459812 0.565831 -0.194027
408 2.632430 1.375343 0.462713 -0.350032
412 2.247455 -1.407531 0.141316 -0.575731
414 4.993022 -1.444316 0.444814 0.179066
420 1.966502 -0.721542 0.618229 1.396070
421 2.932713 1.560289 0.529725 -0.094296
426 4.240162 -1.304687 0.446685 0.176438
427 3.984557 -0.768786 0.558105 0.790041
436 4.927860 -1.525235 0.654050 -0.069079
438 2.629246 -1.450918 0.630847 0.281415
440 1.505555 0.455809 0.125144 -1.272600
441 1.470753 0.911001 0.480699 -0.484728
444 2.995312 1.132823 0.419755 -0.325090
447 3.291642 -0.403139 0.571842 1.200600
449 1.444454 0.173151 0.496232 -1.341360
461 1.993494 0.300618 0.414182 -1.039730
462 1.868664 -0.897634 0.477430 0.766146
475 4.521397 -1.279364 0.527012 0.235304
476 2.916565 1.191731 0.482826 -0.022488
477 0.715040 -1.189277 0.354906 0.534001
479 1.852225 0.196138 0.510530 -1.250210
484 3.108058 1.441442 0.378324 0.136556
490 4.929462 -0.131947 0.687410 1.442080
492 2.036982 -0.879201 0.390804 0.867563
493 1.074543 -0.641349 0.143029 1.074320
495 2.535451 1.039398 0.444817 -0.668676
498 3.327065 1.009870 0.495770 -0.607441
499 3.482893 0.529581 0.679767 -0.935112
501 2.285430 0.328275 0.571053 -1.244080
502 3.370953 -1.448209 0.574995 0.258001
507 3.854862 0.395734 0.475487 -1.132110
508 2.984571 -0.054271 0.343585 1.450270
509 2.959541 0.927488 0.407776 -0.545104
512 1.983854 1.065742 0.542925 -0.727855
513 1.657617 -1.047394 0.390610 0.986737
515 1.938945 -1.474233 0.344704 0.220719
518 5.043928 1.500531 0.503251 -0.150565
519 4.755423 0.395669 0.655493 -1.305720
520 2.747627 0.369300 0.401947 -1.022360
524 2.418457 0.500438 0.399879 -1.192650
526 1.957283 0.011301 0.494330 1.562230
528 3.134957 0.147951 0.525180 -1.260020
534 3.339327 -1.354744 0.507746 0.104423
535 1.270105 0.402615 0.388745 -1.293140
536 4.926164 1.056954 0.651704 -0.609384
550 1.787987 -0.031900 0.618319 -1.472580
556 4.059377 -1.477708 0.595301 0.134090
569 5.276661 1.204816 0.583774 -0.298470
575 4.256610 -0.583275 0.553316 -1.426870
578 1.421597 -1.525173 0.220848 -0.261548
579 3.282722 0.486219 0.400790 -1.107050
581 2.781288 -1.463389 0.640622 0.005980
583 2.722335 -0.814860 0.507981 0.738693
586 1.315219 -1.124721 0.597151 -0.766510
590 4.962416 1.091069 0.530742 -0.586958
591 2.860890 1.311424 0.522538 -0.334623
595 1.114670 -0.256349 0.165511 1.146820
596 2.443224 0.915149 0.386739 -0.444151
600 1.647437 0.788310 0.333062 -1.117540
601 1.895272 -1.335919 0.319813 0.388153
602 2.839316 1.238430 0.307407 -0.335504
604 3.999666 1.039979 0.530531 -0.477066
607 3.432915 -0.081317 0.466891 1.460570
613 1.977791 -0.633426 0.189175 0.942018
616 2.479560 -0.750478 0.559791 0.990936
617 1.699472 1.375526 0.435974 -0.658900
619 3.300370 -0.255081 0.469819 1.384000
622 3.515374 1.037394 0.510971 -0.386979
625 3.073865 -1.382174 0.576135 0.190115
627 4.225969 -0.469689 0.552544 1.021690
628 1.622081 1.274145 0.318429 -0.116350
632 6.378691 -0.233390 0.583777 1.330170
636 2.006118 -1.429933 0.304131 0.457811
639 3.726831 1.524500 0.472949 0.000081
646 3.060401 0.714402 0.561411 -0.925973
649 1.798633 1.378657 0.348232 -0.116630
651 1.328967 -0.881753 0.409388 1.338230
652 0.994584 -0.591775 0.415683 0.279361
653 3.818614 0.574165 0.457063 -0.847469
657 1.786508 1.534586 0.172395 -1.295920
664 1.531221 1.307576 0.207709 0.150303
665 2.118042 -0.504357 0.299279 1.119190
667 4.344345 -1.111183 0.557578 0.683844
669 1.232964 -0.142530 0.313953 -1.461480
672 1.484273 -1.014387 0.293609 0.499007
673 1.495999 1.224542 0.442771 -0.395636
674 4.887377 -0.525255 0.541261 0.960872
675 2.336475 -1.061030 0.225783 0.621860
677 4.366204 0.421693 0.581743 -1.216790
678 3.206329 -1.445715 0.550470 0.163299
683 3.377395 -1.368096 0.494237 -0.038686
685 5.710836 0.668045 0.669493 -0.825992
689 4.544553 1.495857 0.667983 -0.188767
690 0.994642 0.157878 0.137721 -1.149230
693 0.563917 -0.535874 0.370749 1.420860
694 2.966888 -0.652716 0.481682 1.052190
696 2.580226 0.270058 0.303830 -1.139770
701 2.929996 -0.447437 0.360254 0.374521
703 2.065718 0.948936 0.502674 -0.608019
708 5.169629 0.442796 0.678589 -1.081750
714 4.878754 0.074434 0.645581 1.181860
715 0.265547 1.361139 0.202164 -1.117010
716 4.755526 0.663219 0.682099 -0.937167
717 3.084926 -1.484029 0.493757 0.117298
718 3.291017 0.928025 0.322178 -0.637190
719 5.186396 0.432449 0.570257 -1.055750
727 3.371801 -0.277046 0.406080 1.244760
728 3.957590 -1.260570 0.447761 0.382126
731 0.855381 0.085343 0.437095 -1.501530
732 5.269608 -0.378957 0.742286 1.108550
739 4.015665 -1.186130 0.574967 0.454380
741 2.175202 1.159138 0.321040 -0.429157
743 1.722740 -0.807553 0.595482 0.552087
745 5.762131 0.669689 0.578286 -1.026010
747 3.662155 -1.113266 0.693831 0.464387
755 3.141539 0.061242 0.544456 -1.463600
756 2.270680 -1.179730 0.523441 0.140994
758 3.692321 0.656095 0.581516 -0.834859
760 3.774451 -0.962430 0.633284 0.629487
763 2.469582 -0.820461 0.395007 0.867171
764 2.706199 -0.512555 0.476608 1.142850
777 1.288048 -1.383655 0.470778 0.246366
778 2.050956 -0.227417 0.074574 1.328600
784 4.026964 0.547973 0.622027 -0.850553
785 3.348521 1.092065 0.504420 -0.415681
789 1.807383 -1.226040 0.362142 0.112125
793 2.406744 -0.225314 0.408411 1.421970
795 1.907313 -0.576308 0.363972 1.291430
798 3.212470 1.032602 0.352869 -0.505436
801 3.209033 -1.365345 0.474034 0.439209
802 2.866840 -0.761588 0.510341 0.556157
803 4.550984 -1.399436 0.617241 0.177469
804 2.780747 0.348656 0.564376 -1.313260
806 4.634865 -0.373008 0.658110 1.401290
810 2.459268 0.822460 0.372335 -0.606556
817 4.977449 -1.129091 0.478575 0.938591
819 2.317918 -1.404752 0.580625 0.384922
821 4.411237 0.026787 0.401154 -1.436640
823 0.932601 -0.019562 0.192398 1.342370
825 3.314301 1.533564 0.563554 0.132075
828 4.965979 0.574248 0.592267 -0.967356
830 1.608549 -1.088669 0.239313 0.141828
831 1.414288 -0.374277 0.196381 -1.272690
832 2.727661 1.417114 0.556780 -0.050282
833 4.297318 -1.314859 0.526467 0.472517
834 0.665588 0.066307 0.101517 1.066120
836 3.868068 -0.423470 0.517825 1.213960
839 3.407990 0.784573 0.389957 -0.635947
844 3.424477 -0.106031 0.359857 -1.367120
850 4.853302 0.014109 0.409491 -1.566470
851 2.370426 -1.447983 0.522842 -0.040264
852 2.308095 1.044629 0.368615 -0.763302
856 3.120193 1.306373 0.490448 -0.278586
864 4.239419 1.391864 0.601127 -0.076059
878 3.446413 -1.070951 0.355338 0.269981
881 2.895422 0.222252 0.549766 -1.252090
885 3.283891 0.715071 0.439094 -1.008350
888 2.915577 0.553842 0.557208 -1.090270
896 4.775708 -0.220101 0.507727 1.291750
900 1.445960 1.042470 0.288288 -0.935626
902 3.432665 -0.304383 0.631247 1.283000
906 3.227020 0.298594 0.276006 -0.964523
907 1.094959 0.027546 0.514638 1.134430
909 2.587417 0.725954 0.389471 -0.984267
910 3.150647 0.867043 0.741670 -0.447388
912 2.734357 1.145368 0.627378 -0.454149
913 3.019981 0.255225 0.518898 -1.309480
914 3.111106 0.175035 0.693138 -1.148780
915 2.524072 -0.502936 0.411979 0.740555
916 4.184441 -0.311113 0.397715 1.254900
919 4.712274 1.371039 0.485554 -0.221862
920 3.333698 1.127634 0.469925 -0.596813
924 2.296931 1.207265 0.364252 -0.297759
929 2.272856 1.313975 0.550514 -0.268118
930 1.571664 1.381902 0.151063 -0.340679
932 2.520731 -0.210845 0.458708 1.358860
933 2.046533 -0.059784 0.407808 1.299880
934 2.136542 -0.664610 0.395057 0.920205
941 5.470595 -0.034662 0.594509 1.495220
942 0.269934 0.617349 0.273400 -0.036996
946 1.317196 0.457358 0.397311 -1.550890
950 4.649480 -0.049719 0.600924 -1.429910
951 4.657847 -1.035837 0.471624 0.492440
952 4.203026 -0.085683 0.329502 1.114520
958 3.261954 -0.744828 0.516861 0.644652
959 3.930746 0.401303 0.682637 -1.218060
961 3.703301 -0.928984 0.237411 0.715850
964 2.925045 -1.172499 0.566084 0.459376
967 3.520855 -0.091028 0.473597 1.432960
968 1.979696 -0.068613 0.262370 1.505850
969 3.527285 -0.193307 0.458112 1.380230
973 1.478199 0.130570 0.330751 -1.134200
975 2.824477 -0.534865 0.409017 0.897853
977 4.664208 -0.708837 0.695312 0.997824
978 2.535469 -1.086054 0.389184 0.289380
981 2.628275 -0.950233 0.685687 0.695550
984 3.885916 -1.081784 0.485288 0.486981
989 2.749036 -0.399379 0.618700 1.308540
990 3.569609 0.777256 0.431175 -0.791708
994 2.507777 -1.079788 0.394190 0.504648
995 4.070122 -0.150253 0.676508 1.311130
1010 1.736910 1.008324 0.223795 -0.993524
1011 4.148855 0.895110 0.620839 -0.731866
1012 3.905051 -1.168556 0.417240 0.393311
1015 3.600711 1.184269 0.458763 -0.509665
1026 3.342657 1.074661 0.576193 -0.685695
1032 2.062482 0.062831 0.378521 1.562670
1040 3.775327 -0.858673 0.414208 0.800357
1041 2.506508 1.163801 0.529316 -0.322046
1045 3.341114 0.090311 0.478376 -1.468410
1047 2.041160 1.098029 0.488892 -0.364987
1053 3.858872 -1.565949 0.538348 0.052873
1057 4.868744 -0.406658 0.651879 1.146130
1065 1.944202 -0.168161 0.317252 1.362470
1066 4.508145 0.182829 0.627367 -1.552010
1068 2.822534 1.312810 0.421062 -0.218778
1078 2.738016 -0.532818 0.485197 1.283040
1085 5.167737 0.765695 0.517321 -0.891610
1092 1.663842 -0.930539 0.416831 0.779349
1096 2.278896 -0.111340 0.402519 -1.559680
1098 6.561197 -0.949483 0.714319 0.624533
1100 2.083281 1.474485 0.406977 0.242855
1101 1.382390 -1.280239 0.495879 0.096002
1106 3.008593 -0.509035 0.497167 0.947860
1122 2.547547 -0.133309 0.248546 0.994655
1133 0.894668 0.140535 0.129058 -0.388470
1139 3.446618 0.088347 0.538872 -1.473350
1144 2.106483 -1.250883 0.495435 0.689261
1145 2.340345 -0.386392 0.721136 1.557810
1153 1.702876 -0.951961 0.380050 0.199542
1162 3.555764 -0.072117 0.475945 1.503270
1164 1.329804 0.926707 0.369991 -0.398872
1174 1.999825 1.104420 0.321842 -0.381792
1180 0.520052 1.083105 0.490236 -0.314592
1192 2.139434 -0.826736 0.420043 1.144750
1193 0.433510 1.302125 0.269427 -1.381400
1196 1.709580 -0.295878 0.381367 -1.410490
1200 3.021309 -0.221944 0.678843 1.263740
1205 4.300161 0.945957 0.513800 -0.515317
1212 1.356444 -1.092519 0.072641 -1.294330
1224 2.110069 1.545649 0.335136 -0.022673
1229 2.748630 -1.028260 0.407146 0.671430
1244 3.052535 0.145142 0.479683 -1.415010
1251 2.113527 0.326864 0.422666 -1.033900
1257 2.539260 0.043573 0.558650 -1.471620
1263 4.603245 0.988115 0.521565 -0.657500
1267 3.662003 -1.430531 0.515238 0.153059
1270 4.552616 -0.401664 0.420173 1.253600
1275 3.053681 -0.282657 0.533197 1.010130
1277 2.489557 -1.285485 0.544412 0.512061
1282 3.116033 -1.367074 0.496246 0.160040
1292 1.775063 0.577097 0.050286 0.893398
1295 3.127928 -1.026838 0.410802 0.433861
1301 5.746904 -0.047733 0.504790 1.339200
1302 2.316023 0.798731 0.262285 -0.616433
1305 3.721144 0.653034 0.420640 -0.886202
1306 1.569693 1.246589 0.268675 -0.891562
1308 3.808355 -0.686240 0.326282 1.023020
1319 4.490796 -1.415087 0.560097 0.181947
1320 4.499561 1.260860 0.454320 -0.244154
1325 4.062163 0.689247 0.484477 -1.114830
1332 1.550390 -0.808209 0.521592 0.791085
1338 5.380188 0.727335 0.582956 -0.777181
1343 2.660859 1.298022 0.328808 -0.350541
1348 3.199655 0.345682 0.402955 -0.911665
1353 4.053592 -0.941940 0.598152 0.544379
1359 2.426772 0.768562 0.204833 -1.195410
1360 3.140784 -1.306078 0.361989 0.269963
1365 0.502726 -0.528643 0.184478 1.450150
1368 1.169856 -0.090507 0.270039 -0.907166
1377 5.215410 -1.216893 0.646650 0.341372
1392 2.054854 -0.041653 0.412683 -1.363450
1399 4.058468 -1.125192 0.384777 0.191893
1403 4.536862 1.570309 0.739212 0.081831
1405 0.531581 1.067826 0.152992 -0.456028
1412 4.472499 -0.546162 0.526740 1.014280
1422 2.076543 1.186006 0.508772 -0.532170
1423 0.125800 0.881530 0.257243 -0.809944
1427 4.304697 -0.347960 0.625688 1.141670
1432 0.836617 -0.971827 0.408738 0.378468
1436 3.743880 0.231654 0.447494 -1.132930
1445 2.860297 -1.452134 0.315611 0.153040
1454 4.505697 0.133418 0.689510 -1.336260
1461 3.029035 1.423295 0.400262 -0.258997
1462 4.254714 -1.050017 0.468251 0.556816
1474 3.967697 -0.183045 0.520535 1.359070
1477 2.639874 1.338547 0.470460 0.030008
1480 3.701364 1.056359 0.356101 -0.438165
1483 3.608736 0.535911 0.411202 -1.065130
1487 4.468999 0.340645 0.635333 -1.241090
1491 3.843262 -0.420849 0.385957 1.151920
1494 2.329467 1.148688 0.374915 -0.268004
1498 2.831070 1.150757 0.245005 -0.235307
1499 1.640276 -1.540929 0.400310 -0.122892
1500 4.263161 1.029299 0.464020 -0.680373
1509 3.079555 -0.012728 0.425020 1.498960
1519 2.504120 1.321703 0.313009 -0.370726
1522 0.933814 -0.908294 0.446367 0.590040
1523 3.154350 -1.489802 0.281285 0.251460
1532 2.067279 1.306599 0.451852 -0.278496
1534 3.205937 -0.586081 0.356962 1.316860
1547 5.594916 0.694579 0.564351 -1.037250
1555 2.733176 -0.755950 0.692269 0.934620
1563 3.597326 -0.085400 0.620295 1.519540
1570 0.760187 -0.484277 0.253137 1.254280
1571 4.387390 -0.328508 0.427370 1.273020
1575 2.820808 0.241514 0.311706 -1.316960
1582 1.947651 -0.709595 0.327178 0.381185
1583 2.705294 -0.583660 0.307450 1.306670
1586 3.499831 1.109385 0.369909 -0.603065
1587 1.412305 -1.384025 0.383976 0.017718
1589 4.384148 0.124012 0.642849 -1.509870
1593 3.840585 1.330832 0.487253 -0.316529
1597 4.459885 0.512411 0.438088 -0.926705
1611 2.865314 1.179380 0.522901 -0.435414
1615 2.530644 1.384305 0.629730 -0.175419
1616 3.909537 -0.166627 0.483353 1.383350
1619 3.236244 1.424491 0.348181 -0.014917
1622 4.508820 1.178205 0.697102 -0.520318
1625 2.040438 0.639074 0.435034 -0.778848
1635 3.337413 0.028508 0.531848 -1.451750
1643 3.144308 -0.245612 0.458067 1.353000
1644 3.265520 -0.125736 0.443944 1.253000
1646 2.564359 -1.544616 0.542249 -0.094146
1651 4.583375 1.561399 0.674375 0.103235
1658 3.233567 0.184142 0.373684 -1.344150
1664 2.318483 1.219347 0.480531 -0.271621
1666 1.602367 -0.148249 0.355139 1.002220
1667 4.403997 0.214594 0.480272 -1.425880
1674 2.773824 0.907832 0.534626 -0.792734
1678 4.883674 0.909971 0.417255 -0.811820
1680 3.865254 -0.452743 0.470343 1.064500
1683 2.073011 0.455281 0.462340 -1.461870
1699 3.405489 0.072216 0.321280 -1.298500
1708 1.971036 -0.717066 0.400414 1.173480
1709 2.650579 1.452149 0.417268 -0.097448
1710 3.581958 -1.256853 0.518104 0.401378
1716 0.799568 -1.291297 0.287189 0.468279
1720 3.410796 -1.039685 0.714565 0.429306
1725 2.023830 -0.948166 0.453162 0.505706
1731 2.500024 0.517197 0.576635 -0.930926
1735 1.500999 0.743327 0.436109 -0.609049
1742 3.259431 -0.761389 0.464399 0.680285
1744 2.701028 1.127697 0.264125 -0.309256
1749 1.809024 -0.563314 0.367463 1.116210
1754 3.469152 1.062627 0.550402 -0.660809
1763 4.568170 0.223999 0.510442 -1.339800
1772 2.251422 -1.215432 0.428545 0.345010
1778 3.392894 -0.379815 0.573862 0.985124
1782 3.005742 -0.799419 0.304834 0.821479
1792 2.895987 1.439330 0.317614 -0.199728
1795 3.054503 -1.238779 0.503184 0.346970
1797 4.542139 -0.480142 0.369642 1.189450
1803 2.625721 -1.399193 0.529010 -0.122234
1809 3.165445 0.076613 0.552058 -1.569180
1815 3.198261 0.484685 0.295071 -1.028640
1816 2.965550 -1.277091 0.492522 0.293776
1819 1.031143 -0.308888 0.423382 1.160290
1822 2.265617 1.297532 0.170141 -0.384215
1824 2.782744 -1.351533 0.337572 0.341823
1827 3.760054 0.649084 0.263677 -0.729333
1829 3.223177 -0.380144 0.598451 1.069710
1831 3.317157 -1.336112 0.658005 0.247665
1837 4.942499 -0.297976 0.635929 1.256980
1851 2.159773 -1.488312 0.560192 0.453399
1854 1.562661 -0.112766 0.364421 1.179840
1865 2.659682 -1.052460 0.391483 0.790589
1866 2.621498 0.939594 0.307912 -0.452624
1869 2.937627 1.166665 0.494542 -0.545170
1877 5.938444 0.979729 0.589355 -0.744092
1885 2.667868 1.186171 0.306155 -0.428639
1889 3.690583 0.542060 0.566272 -1.165930
1892 2.473314 0.208052 0.329502 -1.210900
1895 2.837543 1.014964 0.374724 -0.584816
1897 3.024792 -1.379019 0.477779 0.133391
1904 2.528276 0.132018 0.590972 -1.469300
1910 3.271126 0.158038 0.409116 -1.388580
1916 2.210439 -0.382914 0.166786 1.375670
1924 6.045089 -0.555609 0.629529 0.991952
1926 2.450784 -0.615205 0.521567 1.101610
1929 3.667738 -0.672377 0.584000 0.906112
1933 4.290716 -0.107037 0.582669 1.488760
1945 2.950415 -0.508421 0.475714 1.141600
1953 3.786755 0.669447 0.654654 -0.868288
1955 2.375662 -1.353544 0.507817 0.258914
1960 3.878228 -1.254448 0.438532 0.447902
1961 2.019619 1.398510 0.433258 -0.404777
1963 4.159186 1.199158 0.377222 -0.278268
1967 1.979887 -0.442384 0.490748 1.039140
1976 4.876843 -1.070096 0.501462 0.498521
1977 2.428136 0.765025 0.632097 -1.035240
1979 3.567823 0.345435 0.495729 -1.203630
1980 2.858696 1.318035 0.528591 -0.352672
1992 3.009099 -1.520386 0.535506 -0.028125
2004 4.081427 -0.024868 0.584925 1.334300
2012 3.461591 0.784113 0.409915 -0.840213
2013 0.880102 -0.352819 0.155583 1.305030
2018 4.610459 0.962475 0.563114 -0.649626
2019 1.301559 0.780578 0.446588 -0.465530
2022 1.594835 -1.400591 0.515538 0.597577
2024 2.531600 0.080687 0.393880 -1.270490
2030 5.050502 0.984250 0.502997 -0.683982
2034 3.628940 1.242329 0.443511 -0.221541
2038 2.569554 1.535316 0.485553 0.101345
2042 3.984261 -0.263317 0.507929 1.474450
2049 1.729654 1.135602 0.344970 -0.497263
2053 5.018508 1.176611 0.528832 -0.401112
2055 4.935908 0.531930 0.598915 -0.995691
2057 3.949328 0.566309 0.405696 -1.166520
2066 0.936272 -0.014853 0.207255 0.902847
2070 1.090452 0.994409 0.335072 -0.791061
2080 3.125776 -0.890815 0.482692 0.757879
2084 2.266442 1.143755 0.388206 -0.613100
2086 2.421534 0.417110 0.543241 -0.996129
2092 5.566212 0.888430 0.571899 -0.787047
2101 2.033734 0.346349 0.262552 -1.230460
2112 3.041936 -1.080404 0.334470 0.499291
2122 2.880570 -0.214677 0.362903 1.342320
2134 2.628796 -0.702018 0.392133 0.937449
2142 2.319296 -1.017817 0.521606 0.338464
2143 2.451166 1.477238 0.441803 -0.053419
2145 1.980852 0.565318 0.224673 -0.870025
2146 3.285069 -0.375646 0.512943 1.258960
2150 2.712692 1.474740 0.457937 -0.105337
2154 3.396746 -0.822369 0.471009 0.681730
2160 1.905657 -0.098950 0.241472 1.225570
2162 3.185169 -1.512973 0.616269 0.048366
2165 2.978344 -0.523281 0.610671 1.334310
2167 2.128164 0.519492 0.440822 -0.995541
2172 1.794264 -1.134465 0.527016 0.992410
2173 2.641596 0.935227 0.590463 -0.782412
2178 3.450969 1.132830 0.583902 -0.414028
2179 2.822496 -0.038252 0.594331 -1.565560
2180 3.943998 0.963461 0.376348 -0.868035
2181 4.361978 0.436039 0.488450 -1.176860
2184 1.025281 -0.355643 0.188795 1.301680
2185 2.833581 0.267579 0.249216 -1.278260
2186 2.754484 1.268971 0.355356 -0.248295
2187 2.997123 -1.061392 0.400210 0.243242
2199 2.827855 -1.492756 0.438790 -0.134172
2202 1.589821 0.554172 0.304285 -0.973052
2203 3.323942 -0.827456 0.514973 0.740816
2205 3.604354 1.373120 0.292841 -0.194565
2206 3.389478 -0.559691 0.537981 1.083450
2216 4.748263 0.101776 0.673504 -1.386550
2220 1.227032 -0.110375 0.283204 -1.534640
2227 2.571158 -1.441500 0.366602 0.116117
2234 2.349104 1.151074 0.404759 -0.389206
2241 4.051637 1.243624 0.472897 -0.532399
2247 1.854725 0.408095 0.307783 -0.980258
2248 3.774374 1.495194 0.382069 -0.065224
2269 2.170840 -0.593950 0.675438 1.182810
2271 1.321423 -0.860041 0.270086 0.995898
2272 2.782646 0.317568 0.408424 -1.195800
2274 2.025186 -1.328048 0.369958 0.405169
2277 1.853762 -1.247873 0.279200 0.605544
2282 3.516457 1.113439 0.380268 -0.431128
2283 3.324215 0.138336 0.542407 1.560440
2285 2.968163 -0.866985 0.350369 0.811646
2286 4.823002 -1.178861 0.467796 0.344839
2287 3.963970 -0.312280 0.562622 1.263510
2288 3.297996 0.687687 0.518238 -0.870323
2301 3.445473 1.430974 0.507656 -0.156206
2314 2.368489 -0.517287 0.463195 0.944617
2328 2.577402 -0.969798 0.249613 0.294702
2329 1.865661 -1.019409 0.103397 0.725389
2339 2.353175 -0.370599 0.325130 0.954170
2345 5.191432 -1.126692 0.734275 0.219733
2347 2.141731 0.587722 0.356869 -0.800446
2350 5.640563 0.214003 0.630944 -1.384310
2363 3.929063 0.649562 0.581167 -0.947009
2364 4.198604 0.052219 0.686294 -1.568700
2369 1.779440 1.020930 0.372364 -0.632187
2372 2.715029 -0.303946 0.569764 1.234800
2374 2.244040 1.543525 0.231252 -0.238864
2386 1.083035 1.021918 0.437280 -0.502768
2390 1.168190 -0.859030 0.324979 0.548389
2393 2.349728 0.169942 0.390795 -0.936081
2402 2.602948 1.194743 0.315851 -0.353888
2411 3.778545 -0.582678 0.548007 0.829763
2426 4.005492 0.214357 0.380984 1.481180
2435 1.680631 -0.021292 0.336086 0.845032
2436 2.043092 0.612057 0.552536 -1.191170
2440 5.438655 0.466871 0.665691 -0.998456
2449 2.816800 0.332471 0.432090 -1.349790
2456 2.547738 -0.805969 0.314424 0.781580
2463 1.881309 0.163991 0.272348 1.533170
2464 4.450072 0.941724 0.440265 -0.667851
2466 5.461761 1.038930 0.630154 -0.527155
2477 2.013752 0.662010 0.461229 -0.624696
2480 2.387011 0.923484 0.395559 -0.581625
2483 2.627112 0.376592 0.344347 -1.067130
2492 4.635798 -1.097738 0.460184 0.601354
2494 1.368541 0.007823 0.248170 -1.073670
2500 3.362694 1.110210 0.393132 -0.369851
2502 3.447487 0.656228 0.567723 -0.959797
2503 0.691717 -0.142169 0.235149 -0.855457
2504 3.859282 0.928491 0.389930 -0.836132
2506 3.800156 -1.188810 0.432749 0.157123
2507 0.460189 -0.259521 0.292235 1.488980
2515 1.264797 -1.197837 0.526131 0.213567
2522 0.810432 1.152441 0.482561 -1.380790
2525 1.873996 0.824812 0.292337 -0.830616
2530 3.571202 1.493376 0.462854 0.057683
2532 3.296556 -0.497706 0.594153 1.003970
2534 3.210990 -0.630131 0.403886 0.830523
2536 4.374089 0.832622 0.494017 -0.595638
2537 3.353718 0.765050 0.443979 -0.966483
2538 1.612663 -0.638825 0.257522 0.614066
2542 5.931838 1.516249 0.611909 -0.174140
2543 2.782048 -0.718789 0.634810 0.864220
2548 2.600506 -1.340436 0.384732 0.197645
2555 3.049741 -1.238498 0.428727 0.151178
2558 3.859600 0.457166 0.587972 -1.135250
2559 3.324534 -0.826356 0.580367 0.721175
2566 3.887090 -0.944536 0.596773 0.706122
2571 2.338758 -0.874531 0.383633 0.571802
2572 2.864653 -0.054812 0.459096 1.365160
2574 1.609214 0.626116 0.377301 -0.771032
2576 4.603101 -1.570795 0.675758 -0.091116
2577 2.271364 -0.256603 0.187845 0.989469
2579 0.804415 -0.544939 0.264820 1.141030
2586 3.422345 -0.752411 0.349243 0.657530
2587 2.694330 -0.997347 0.502935 0.517212
2603 3.878307 -0.809301 0.601375 0.558384
2606 4.364815 1.421336 0.569566 -0.196350
2612 2.353971 -1.084162 0.478312 0.682685
2621 1.811717 0.639124 0.412367 -0.810531
2623 2.988566 -1.505359 0.598942 -0.062976
2624 1.837384 0.803025 0.405229 -0.783104
2625 1.712718 -1.314846 0.352154 -0.061975
2632 0.876464 1.222779 0.129115 0.169051
2635 4.643613 0.011362 0.332919 -1.437970
2641 3.739459 0.026358 0.582438 -1.295940
2649 4.935299 0.236000 0.598751 -1.395190
2652 2.916619 -1.566372 0.328159 -0.365206
2653 3.437700 -1.117095 0.558945 0.453022
2655 5.626327 0.162929 0.559948 -1.354820
2661 2.549625 0.081636 0.410622 -1.367480
2665 1.619564 -0.419688 0.326162 1.289660
2666 1.834265 -1.538553 0.454501 0.120869
2674 3.282059 1.186068 0.643526 -0.220469
2678 1.590986 -1.094821 0.338001 0.963026
2683 4.350862 1.111718 0.424225 -0.550765
2688 2.267553 0.952989 0.270634 -0.435191
2696 4.775983 0.127486 0.666839 -1.411620
2706 2.697680 0.265003 0.476208 1.402900
2708 0.774636 -0.479211 0.446284 0.998232
2709 3.432897 0.587937 0.533074 -1.038430
2715 3.152797 -0.620814 0.607635 1.000950
2716 1.818800 0.855820 0.381438 -0.738169
2717 0.634842 -0.943046 0.415672 0.079605
2718 3.784494 -0.700746 0.486197 1.034710
2732 3.781224 -0.918552 0.530247 0.648668
2737 4.191161 0.195496 0.427415 -1.488990
2739 2.947795 -1.044512 0.539340 0.569753
2740 2.698699 -1.345433 0.326634 0.275540
2746 1.936844 -0.130621 0.509008 1.299280
2750 3.622059 0.076979 0.392520 -1.440400
2753 3.004080 -0.085723 0.457588 -1.534010
2755 2.722336 1.547714 0.450303 0.163405
2763 3.455544 -1.253174 0.492994 0.283217
2770 2.906410 -1.456614 0.479333 -0.049637
2796 4.079589 -0.518706 0.377223 1.043830
2797 2.820406 1.275377 0.539118 -0.285972
2803 3.855996 -0.297384 0.446237 1.250320
2804 2.996119 0.195505 0.818875 -1.240960
2807 2.688537 -1.361016 0.410489 0.309002
2810 2.470891 -0.833306 0.308740 0.691890
2813 2.020564 0.278502 0.419066 -1.517760
2815 1.246555 -0.243239 0.329038 0.937432
2818 3.314576 0.414306 0.455278 -1.025950
2820 3.135772 -0.777102 0.387209 0.563099
2824 2.381508 -0.882054 0.513690 0.926270
2832 1.733861 0.700125 0.489329 -1.070520
2840 1.146031 0.801950 0.132198 -0.673301
2842 4.902730 -0.074052 0.615150 1.502270
2844 1.865638 1.231252 0.480533 -0.411175
2848 4.056018 1.337989 0.595832 -0.309722
2850 3.602067 -1.064655 0.391198 0.587113
2855 2.326751 0.876013 0.476328 -0.807264
2863 5.129519 0.211041 0.619522 -1.273750
2864 1.398409 0.643781 0.369244 -1.054340
2872 3.251871 1.059444 0.403887 -0.620616
2874 3.726195 -0.561796 0.667170 0.941629
2875 3.894020 -0.807624 0.493601 0.607084
2878 1.119055 -0.647072 0.353268 0.762144
2895 3.699069 -0.063863 0.523078 1.510090
2896 2.189330 -1.396054 0.404329 0.150345
2899 2.498822 -1.368289 0.378765 0.348963
2907 1.465681 1.525885 0.165078 -0.246776
2910 3.702464 -0.788651 0.533488 0.700557
2911 4.099896 1.464295 0.627013 -0.161248
2912 2.099963 -0.289405 0.433141 1.239400
2923 5.134954 0.302712 0.588296 -1.424590
2927 1.796690 -0.901534 0.496855 0.518715
2928 2.371828 0.687236 0.501557 -1.170000
2932 2.217236 0.155356 0.292522 -1.259700
2940 3.258508 -0.033588 0.278054 1.407810
2941 3.639153 -1.135974 0.512476 0.501118
2948 2.409995 -0.278085 0.517224 1.347900
2949 2.548854 1.154803 0.567870 -0.395371
2954 1.559111 0.616656 0.193844 -0.582286
2958 1.923188 1.276238 0.365284 0.164194
2968 3.499651 -1.343685 0.617826 0.352413
2981 0.653085 -0.028116 0.215202 1.401760
2986 2.715349 0.406514 0.623665 -1.256150
2988 2.242539 1.063780 0.518236 -0.419822
2990 1.610086 1.134958 0.109594 -0.602303
2994 3.222196 -0.221704 0.380573 1.403190
